,BAB,CS,GermanBond10Y,GermanyEq,Gold,JapanBond10Y,JapanEq,Oil,TRCommodity,UKEq,UMD_Large,UMD_Small,USBond10Y,USEq
1796-08-31,,,,,,,,,,,,,,
1836-08-31,,,,0.4575790865026449,,,,,,,,,0.5424209134973551,
1837-08-31,,,,0.5074307140482823,,,,,,,,,0.4925692859517177,
1838-08-31,,,,0.5206105661996419,,,,,,,,,0.47938943380035814,
1839-08-31,,,,0.4446107746479948,,,,,,,,,0.5553892253520052,
1840-08-31,,,,0.47092674286114566,,,,,,,,,0.5290732571388543,
1841-08-31,,,,0.48941192415767665,,,,,,,,,0.5105880758423234,
1842-08-31,,,,0.5076514359707898,,,,,,,,,0.49234856402921023,
1843-08-31,,,,0.49717962323135034,,,,,,,,,0.5028203767686497,
1844-08-31,,,,0.50349696481042,,,,,,,,,0.49650303518958006,
1845-08-31,,,,0.5066602459004632,,,,,,,,,0.4933397540995368,
1846-08-31,,,,0.5135114453935672,,,,,,,,,0.4864885546064328,
1847-08-31,,,,0.51603327364275,,,,,,,,,0.48396672635725,
1848-08-31,,,,0.49264603590426737,,,,,,,,,0.5073539640957326,
1849-08-31,,,,0.4931877729730775,,,,,,,,,0.5068122270269225,
1850-08-31,,,,0.49492652074940535,,,,,,,,,0.5050734792505946,
1851-08-31,,,,0.49705504638713016,,,,,,,,,0.5029449536128698,
1852-08-31,,,,0.5000864031702241,,,,,,,,,0.4999135968297759,
1853-08-31,,,,0.5036500738673118,,,,,,,,,0.49634992613268825,
1854-08-31,,,,0.4927772295387711,,,,,,,,,0.5072227704612289,
1855-08-31,,,,0.4939457657480172,,,,,,,,,0.5060542342519828,
1856-08-31,,,,0.4964737143393756,,,,,,,,,0.5035262856606244,
1857-08-31,,,,0.4986762860568601,,,,,,,,,0.5013237139431399,
1858-08-31,,,,0.5014970192302723,,,,,,,,,0.49850298076972765,
1859-08-31,,,,0.4923692406655118,,,,,,,,,0.5076307593344882,
1860-08-31,,,,0.35722817047104083,,,,0.1412341343946887,,,,,0.5015376951342705,
1861-08-31,,,,0.4147119687635148,,,,0.15539139675407687,,,,,0.42989663448240834,
1862-08-31,,,,0.24023074772330116,0.4790022975963914,,,0.03531891256295453,,,,,0.24544804211735288,
1863-08-31,,,,0.35033220821764344,0.2433394760485513,,,0.05140016187531096,,,,,0.3549281538584943,
1864-08-31,,,,0.39127834092652447,0.17481080928805365,,,0.0510223778108646,,,,,0.3828884719745573,
1865-08-31,,,,0.37636758737700154,0.1531414135370954,,,0.055361290549300106,,,,,0.41512970853660297,
1866-08-31,,,,0.3715517165644813,0.168540315116592,,,0.0555478489944655,,,,,0.40436011932446114,
1867-08-31,,,,0.35751692013351055,0.17699626105167174,,,0.057549724431764336,,,,,0.40793709438305337,
1868-08-31,,,,0.35318913260013346,0.19003515660194453,,,0.05725048953517355,,,,,0.3995252212627485,
1869-08-31,,,,0.34629915323557137,0.20106311758814768,,,0.05828919083676153,,,,,0.39434853833951944,
1870-08-31,,,,,,,,,,,,,,
1871-08-31,,,,0.1271614138995006,0.08155710475328884,0.19659011469129078,,0.03866010995561804,,,,,0.17551843326653857,0.38051282343376336
1872-08-31,,,,0.1313255356612209,0.08850671142726153,0.24654765504918935,,0.041862732839291254,,,,,0.18540246359947724,0.30635490142355976
1873-08-31,,,,0.11808231553834617,0.08414043450966194,0.24675141013415441,,0.03968249877537352,,,,,0.1722259362675399,0.33911740477492414
1874-08-31,,,,0.19544577344928815,0.14489327166583432,0.20665615721539662,,0.04827300841136794,,,,,0.22632046852286078,0.1784113207352522
1875-08-31,,,,0.185717628969512,0.1431391058252049,0.2095602534086915,,0.04611795043279596,,,,,0.2224211447733698,0.1930439165904258
1876-08-31,,,,0.1767828491388662,0.14154708871666818,0.2112015151917349,,0.04496727691386099,,,,,0.22042118866065535,0.20508008137821437
1877-08-31,,,,0.1810499045015482,0.16422014354829725,0.2829146084658997,,0.04893297466078422,,,,,0.1497036085223076,0.173178760301163
1878-08-31,,,,0.18093262741658095,0.16637212831957313,0.28446734859485023,,0.04855790820662927,,,,,0.1508794350258794,0.16879055243648708
1879-08-31,,,,0.17711034682347618,0.16727969629359568,0.2900255658765288,,0.04846997913540122,,,,,0.14851076546911568,0.16860364640188247
1880-08-31,,,,0.17501410872423467,0.17340368946733828,0.29108298622915285,,0.049214158026292774,,,,,0.15138500534532515,0.15990005220765627
1881-08-31,,,,0.1744521230932789,0.17537977841636412,0.29439578933241867,,0.04957550528288337,,,,,0.14945407301589847,0.15674273085915652
1882-08-31,,,,0.17335278981742253,0.17813759628065395,0.28986141407213245,,0.0498203432002536,,,,,0.14907448928754075,0.15975336734199674
1883-08-31,,,,0.17417940869302462,0.17905296364305323,0.2916958577268275,,0.048508154268457906,,,,,0.14751566039958275,0.15904795526905402
1884-08-31,,,,0.17415249383833864,0.18155521719199275,0.2945209840742737,,0.04886639400667465,,,,,0.14644228745460722,0.15446262343411307
1885-08-31,,,,0.1733259697403239,0.18349005931069196,0.2934163106750918,,0.04877099803915357,,,,,0.1461426919115776,0.15485397032316114
1886-08-31,,,,0.17352888619089138,0.18535534179538002,0.294420942509777,,0.048970486535711635,,,,,0.14572458320563303,0.1519997597626071
1887-08-31,,,,,,,,,,,,,,
1888-08-31,,,,0.12336666675923284,0.12899239468033186,0.406492737344404,0.012956059738705646,0.04991895197202276,,,,,0.1346853695718778,0.14358781993342504
1889-08-31,,,,0.12241028241469085,0.13052180205311162,0.40030720367776884,0.016417010887456136,0.05023008221801213,,,,,0.13472527700205694,0.14538834174690352
1890-08-31,,,,0.12197949219024444,0.1322193897436094,0.3937527392182674,0.01930239328111372,0.05055479636252206,,,,,0.1349098290573507,0.14728136014689228
1891-08-31,,,,0.12188926719286299,0.13377503393763865,0.3914823013139518,0.021489679096316657,0.05103014591114713,,,,,0.13499660494747248,0.1453369676006103
1892-08-31,,,,0.12147367453053089,0.13485971758678,0.3901251091236281,0.023230059792857326,0.051171361956807715,,,,,0.13450525077995756,0.14463482622943846
1893-08-31,,,,0.12156439346798925,0.1364182576145905,0.3892560134277882,0.024466958705674908,0.051499973460207446,,,,,0.1341952180164206,0.14259918530732923
1894-08-31,,,,0.15710770115074427,0.17794981277328073,0.3013762768705658,0.019769672371419952,0.04805208494551542,,,,,0.14511483966227556,0.15062961222619847
1895-08-31,,,,0.15835884282036822,0.18065680875275503,0.29717877327821357,0.020862592507714096,0.0475170200644637,,,,,0.14494378836607685,0.15048217421040871
1896-08-31,,,,0.1575675756444168,0.18137169720763013,0.29690305787944393,0.021128091412330727,0.04758744251171225,,,,,0.14487947727123665,0.15056265807322963
1897-08-31,,,,0.15893434029961706,0.18444878908997897,0.2944725318201457,0.02124690141075392,0.04825597201248548,,,,,0.14494348537947407,0.14769797998754494
1898-08-31,,,,0.1254160517274898,0.14651598545092473,0.2769827454973556,0.01765083069602481,0.04997815983650061,,,,,0.18774805589750926,0.19570817089419534
1899-08-31,,,,0.1648557674054771,0.19894040360452642,0.28411798531540056,0.017543482663754384,0.05278935855358008,,,,,0.1415520738636316,0.14020092859362987
1900-08-31,,,,0.16561733937039844,0.20059614787052196,0.28015170572055326,0.017581979549912113,0.05313940420901963,,,,,0.14235885411482727,0.14055456916476736
1901-08-31,,,,0.16480370436468103,0.2025797755883562,0.27922593045357813,0.01770628487641656,0.05355562619900592,,,,,0.1442690395206719,0.13785963899729023
1902-08-31,,,,0.1649482932776896,0.2042984967359442,0.27642057355891464,0.017966265234172028,0.05393571146980814,,,,,0.14425620821584148,0.13817445150762994
1903-08-31,,,,0.16502116141361142,0.2055550573417315,0.2765343859712646,0.01781844724792048,0.05421020483763474,,,,,0.14388815127906415,0.13697259190877317
1904-08-31,,,,0.16816992120076998,0.20710254649213358,0.25552042971746775,0.019310568730018456,0.0532841452046966,,,,,0.1520039361236165,0.14460845253129712
1905-08-31,,,,0.1693113386607974,0.20949483331295599,0.24982885208827424,0.01982878458706773,0.05382624204822281,,,,,0.1532219932250763,0.14448795607760556
1906-08-31,,,,0.16878559148952754,0.21001433977258765,0.249888624435556,0.019930314745167408,0.053845671609859,,,,,0.15285367851425255,0.14468177943304986
1907-08-31,,,,0.1693922283342874,0.21204108718598036,0.2501239049686275,0.019444083873119154,0.054307891661687174,,,,,0.1524869929971247,0.14220381097917367
1908-08-31,,,,0.1703799334634679,0.21458856313820243,0.2488705357250261,0.019501264379819163,0.05492632392351646,,,,,0.15301023658337107,0.13872314278659706
1909-08-31,,,,0.17078863515855752,0.21611790087444255,0.24831348447251683,0.018445494734321614,0.055275606693890006,,,,,0.15288229255153415,0.13817658551473735
1910-08-31,,,,0.17057976926084248,0.21683723412289538,0.2484397234079442,0.01837867281634805,0.055408359476702744,,,,,0.1523518055166016,0.13800443539866553
1911-08-31,,,,0.17022104561113807,0.21716975354390597,0.2492552303459275,0.018298544665953213,0.05546480850855126,,,,,0.1518797752574908,0.13771084206703316
1912-08-31,,,,0.17013506460570751,0.2181531293353868,0.24903135736805349,0.01813910109768373,0.05565614133749602,,,,,0.1515360923363973,0.13734911391927512
1913-08-31,,,,0.17006738841439403,0.21968707907461107,0.24729407881324747,0.018341076910583974,0.05588700533789791,,,,,0.15138100363446585,0.13734236781479967
1914-08-31,,,,0.16961544151373445,0.22058868078609292,0.24675886354275905,0.01849966332418162,0.055970314822548765,,,,,0.1510700445699093,0.13749699144077387
1915-08-31,,,,0.17672098088973381,0.22505567608466742,0.17328736974631107,0.02268349247726382,0.04155031484682397,0.08469938113214502,,,,0.14570321435344916,0.13029957046960575
1916-08-31,,,,0.1649641113116594,0.21542198948682406,0.17406822011450787,0.024194304572360704,0.039648337646991175,0.10935741751106938,,,,0.1437382575959716,0.1286073617606158
1917-08-31,,,,0.1641357330756999,0.2180793434191112,0.17343796567012226,0.026538973419368176,0.04007816407135793,0.09391093963492551,,,,0.14996021096217296,0.13385866974724206
1918-08-31,,,,0.15908625851035585,0.2222824351706457,0.16609833443827654,0.028650057855286612,0.040800070503592446,0.10031732225689904,,,,0.15025967891663128,0.13250584234831259
1919-08-31,,,,0.10819870615348305,0.23308540419836468,0.17146813088527443,0.030802565059576098,0.03696945219747003,0.12581190405962245,,,,0.1548204691574631,0.13884336828874616
1920-08-31,,,,0.11344940031107432,0.2504683713838216,0.16765737430808045,0.03386313929736227,0.03989545763789413,0.10984635547507834,,,,0.15491828678690725,0.1299016147997816
1921-08-31,,,,0.11047196148989824,0.23006991947205654,0.17672804570166742,0.032472129167249474,0.03961255285773854,0.10207048015319371,,,,0.16491476639286418,0.14366014476533187
1922-08-31,,,,0.10693299999963549,0.23355785307750393,0.17335554253672028,0.03424654740558975,0.0396009990295994,0.10526248147097238,,,,0.16450093811444086,0.1425426383655379
1923-08-31,,,,0.042756037081418695,0.24112950821214496,0.19651439634758722,0.03663099983292713,0.040476763256050104,0.10935062782779106,,,,0.17182302831257304,0.16131863912950778
1924-08-31,,,0.015987205659055245,0.037130540580007705,0.1933148858228049,0.1826648213191288,0.03027769443876932,0.03848215282167978,0.12153835366817968,,,,0.17959331999138678,0.20101102569898777
1925-08-31,,,0.025155339650119353,0.037058865151803545,0.19345602458462774,0.18245595787466562,0.03124337115636874,0.038546183210160186,0.11971636775264502,,,,0.1791414155856203,0.19322647503398951
1926-08-31,,,0.03091154583527191,0.03690335714750895,0.19336838534598647,0.18237637599928283,0.032104798511330496,0.03845947957278839,0.12010247312766124,,,,0.17874119918434386,0.18703238527582583
1927-08-31,,,0.035273203908794695,0.036743639948607444,0.1919853701007748,0.1814949754322267,0.03263283619776027,0.03838740419506854,0.12290319997686532,,,,0.17777961617702154,0.18279975406288085
1928-08-31,,,0.039026643883576524,0.03679948956122504,0.19138501728225743,0.18024056198276822,0.03330909449469762,0.038510674822453156,0.12533225470629786,,,,0.1773439509888362,0.17805231227788793
1929-08-31,,,0.04213645686372459,0.036736963567586114,0.19110715765062866,0.18059022429582441,0.03395841707639361,0.0384848441702581,0.12775702333186123,,,,0.17698816595607167,0.17224074708765177
1930-08-31,,,0.04432970431246301,0.036751262804916716,0.2254478993369494,0.18338708759797173,0.03214412433322907,0.03849072754280785,0.10187207045078078,,,,0.17950145882194812,0.15807566479893329
1931-08-31,0.4235050417475405,,0.02757598002930387,0.026989526504629678,0.12071354789965756,0.12361589356039832,0.018303436795276982,0.028286353465598865,0.06995215242217129,,,,0.10150535080906212,0.05955271676636086
1932-08-31,0.2781919450194532,,0.04035323743395212,0.017685128179054006,0.14387180258212073,0.1718304360797389,0.026555203532997975,0.01854403775127118,0.08396108591620742,,,,0.13620515122100132,0.0828019722842031
1933-08-31,0.30163995328565074,,0.04019556634343528,0.020034064607231075,0.13374005719055768,0.16343316790063261,0.025371206544936693,0.021019893562110314,0.08697218290820495,,,,0.12921344210991567,0.07838046554732495
1934-08-31,0.3091825509717079,,0.033431171220919834,0.01530306969201259,0.1189978915121222,0.1304186855473638,0.02378881054424667,0.031952037806323115,0.05384729613289909,0.12297873739469714,,,0.11967804783659601,0.0404217013411115
1935-08-31,0.29396299200726644,,0.042075917783375744,0.030063326166792595,0.14246279061082293,0.11146059878355734,0.03790100613091942,0.02636932486709882,0.04987666970604217,0.11059689444065911,,,0.10642508128783422,0.048805398215631235
1936-08-31,0.30599713133277023,,0.04226916567830292,0.02908193135099099,0.13805112321670332,0.10815672480665355,0.03765259635837522,0.025528991265472502,0.048844034822288156,0.11419549037591864,,,0.10297466766257239,0.04724814312995191
1937-08-31,0.31959017073664475,,0.04203512537885673,0.028043904967740455,0.13333435718063777,0.10382421136272472,0.03713671300775082,0.024648481128105842,0.04734592974478202,0.11955345415680378,,,0.09887961875637831,0.04560803357957458
1938-08-31,0.33913949414735434,,0.02844904368627291,0.027435102099853635,0.13065406727106332,0.12664659249616114,0.03799040111056682,0.02412221632137772,0.046205072371029755,0.07981060905581278,,,0.11703189240509794,0.042515509035409786
1939-08-31,0.4123121297322908,,0.03773768874698173,0.017471554084933862,0.0993544092267079,0.08891799443160185,0.021087652526965532,0.018367915643274262,0.081396403904501,0.06191954033541993,,,0.0988635494996994,0.06257116186762375
1940-08-31,0.4354784738369315,,0.03802633883348078,0.03457979514237309,0.09825311322642376,0.08893026828005865,0.02106655362202591,0.033895353485697624,0.04933315449611453,0.055006921251375344,,,0.09735099659841862,0.04807903122710021
1941-08-31,0.445074825359661,,0.039495967532666626,0.03420994259873155,0.11808197856110203,0.08842390207643674,0.01914882060838206,0.03359680815703244,0.048866690734960444,0.04265336877178512,,,0.08261014297344635,0.04783755262579563
1942-08-31,0.45404740195812643,,0.03935180941810078,0.03356625680472628,0.11586829085158137,0.08632435670267388,0.019074493938283962,0.03307192475139227,0.04859344548910319,0.042889077977239995,,,0.0803251249079002,0.04688781720087162
1943-08-31,0.46047027358392,,0.03933309440152513,0.03314456612703503,0.11363987706768691,0.08465777289282615,0.018960396330108206,0.032735503535453646,0.04868867712746768,0.043594173914110246,,,0.07848362223996412,0.046292042779902974
1944-08-31,0.4671321732380556,,0.03928735961836367,0.03266525827030696,0.11126221985699448,0.0830622979340384,0.01882485451060998,0.032344027264402345,0.04865703903498787,0.04441024619650427,,,0.07672448886365134,0.04563003521208517
1945-08-31,0.4722441080058275,,0.03931345835361809,0.032262228742295736,0.10942227793273772,0.08173869276422902,0.018773457526018097,0.032014824272552325,0.04868996177679112,0.04521883418776587,,,0.07523209742131315,0.04509005901685133
1946-08-31,0.47855254798307606,,0.039308515424575266,0.03189332934410993,0.10694596082444713,0.080468608776381,0.018438888824376946,0.03172330208327585,0.048751938790906904,0.04557928503113509,,,0.07379440262861021,0.044543220289105664
1947-08-31,0.4821676085961266,,0.03962797108461034,0.0317524213605149,0.10594600955113052,0.07991630047399254,0.018145811388586064,0.03163054233848078,0.046390329481250304,0.0464516424440564,,,0.07303084618021274,0.044940517101038836
1948-08-31,0.46646505805338845,,0.04100878851123541,0.013899955244340694,0.1266848505497385,0.10434608236398366,0.021103013255290633,0.015018694276582667,0.03715153364634864,0.05435646141340739,,,0.07109859377458538,0.04886696891109871
1949-08-31,0.5200709130652974,,0.03172982448718358,0.03060352018298328,0.10423839665402938,0.06976307358242302,0.021149536597826757,0.02665682447574927,0.03494430991758336,0.06180253252600837,,,0.06534702255647086,0.03369404595444486
1950-08-31,0.5240679657314592,,0.031860727843760886,0.030277140484327177,0.10216058678669616,0.0692301258886309,0.02079974274154059,0.02645605609534294,0.03491857266484143,0.062169265508014555,,,0.0646304249268663,0.03342939132851991
1951-08-31,0.5309031762353229,,0.03177559029977098,0.030091414204691223,0.09911226550388359,0.06848578677668343,0.020424257011182483,0.026293071061551043,0.03453601166876255,0.061468870714592845,,,0.06371641764456684,0.03319313887899214
1952-08-31,0.5350170559765196,,0.031868100470106436,0.029774135788485985,0.09793758527087935,0.06826721715243926,0.02024953573638008,0.026088544437858935,0.03452693784555374,0.06000298271177731,,,0.06330370873330309,0.03296419587669642
1953-08-31,0.5391464460825532,,0.031862714870025635,0.029524466122946274,0.0966405340482324,0.06760272868742304,0.019857409356865273,0.025899177431017044,0.034538331924610484,0.0596947770686766,,,0.06246790095230154,0.032765513455348484
1954-08-31,0.5431461994751628,,0.031995920658900265,0.029374480083717486,0.09570931075581929,0.06601417290678022,0.01973791659695996,0.025805921441113024,0.034701733934636526,0.05940268073600641,,,0.06145530173406829,0.032656361676835756
1955-08-31,0.5466581835062789,,0.032029901442513095,0.029109644136673177,0.09472746116197964,0.06565973996464286,0.01962537932765566,0.02561733992929538,0.03476179635557377,0.058509814855439476,,,0.060937480951047424,0.03236325836890067
1956-08-31,0.5492191422363861,,0.032093626885271655,0.028934692309580685,0.0939229184816583,0.06553759472418787,0.01954914884270019,0.025489384038527452,0.03481693883950531,0.057680056363360696,,,0.060632348622033615,0.032124148656788094
1957-08-31,0.5515370071976251,,0.03217096178387469,0.02876349185103502,0.09319125862630383,0.0652172421695844,0.019467905196250614,0.025371635835353634,0.03492185649493957,0.057212548148080765,,,0.0601326082518377,0.0320134844451147
1958-08-31,0.5539190813050298,,0.03230259512076725,0.028669663597850118,0.09265920352414038,0.06471889081055046,0.019426325611486883,0.025314090345322077,0.03503448234791167,0.05624928292724041,,,0.05979587659896115,0.0319105078107399
1959-08-31,0.5562041949408284,,0.0323269569721473,0.02845065510188143,0.09188111563436437,0.06439603055179671,0.019339452017204814,0.025167386241130008,0.0350885561106344,0.056048119486218476,,,0.05933954917427283,0.031757983769521464
1960-08-31,0.558365412172357,,0.03238177629225148,0.028262894638402383,0.09125318908797325,0.064291772260527,0.019231621628584904,0.025065375856878,0.035182100683466166,0.05491229133134596,,,0.0594223528415118,0.03163121320670227
1961-08-31,0.5603177436935662,,0.03258769816058822,0.028180610609798144,0.09079161434835206,0.06373151288621587,0.01926289357829176,0.025025712079378194,0.03533456661192473,0.0543271448973733,,,0.058870413541988666,0.031570089592522776
1962-08-31,0.5584039118093266,,0.033118741163867635,0.02847447896371736,0.09152187504134926,0.062331501033623685,0.0194386733730174,0.025339484540977182,0.03600032960563661,0.05430804355470024,,,0.059189296658677615,0.03187366425510643
1963-08-31,0.5604925601027261,,0.03326324378750049,0.028382708403275458,0.09119606851248682,0.06127608269611913,0.019384121023437006,0.025299495784600105,0.036163117300524655,0.054162901531383555,,,0.05862205171585144,0.031757649142095
1964-08-31,0.5621908206531641,,0.03332248308839681,0.02823791707892961,0.09065765949390607,0.06084691056700192,0.01929280336060691,0.02519795371548811,0.03613763587859079,0.054273812955289484,,,0.05816994802948783,0.0316720551791382
1965-08-31,0.5644732812375192,,0.033330281369926475,0.028080515329466343,0.08999730974180827,0.0603724641569876,0.01920395978406049,0.025079844584178963,0.03612461940392074,0.05406727554323965,,,0.057733989535911974,0.03153645931298037
1966-08-31,0.5657293541378483,,0.033400837331859876,0.0279679134680374,0.08953902080769681,0.06006428265363093,0.019158564902640222,0.025009255408601154,0.036201977329628016,0.05406077997533711,,,0.057404632133564594,0.03146338185115563
1967-08-31,0.5657055225215976,,0.033612647096568436,0.027946532994918588,0.08950121119661816,0.060195388930787595,0.01922298236443389,0.025024701380939866,0.036407465382209736,0.053494830378579626,,,0.057423389517610175,0.031465328235736445
1968-08-31,0.5685559042059785,,0.03364812822489127,0.027897852157117157,0.08736625339511601,0.060217042102723314,0.019125167469197197,0.02501603056638868,0.03661256335672933,0.052835841556687545,,,0.057277571630138496,0.03144764533503257
1969-08-31,0.5715670807833424,,0.033623915572822315,0.027816939384779957,0.08593487640681528,0.06003367837097585,0.019004242635471832,0.024964119495928007,0.03673416033683834,0.05203088418726591,,,0.05692425985229139,0.03136584297346873
1970-08-31,0.573130197878876,,0.033754365134376386,0.027734636868094006,0.0848077546594644,0.06036697378651026,0.018978821931141414,0.0249237969250656,0.036881245811695974,0.05138949808885515,,,0.05682513058247366,0.031207578333447276
1971-08-31,0.5746557727307197,,0.03378959547510973,0.02764992716062992,0.08415194175121968,0.06044564346642653,0.018930515494654326,0.024884897588556314,0.037016598810911204,0.050778047939664006,,,0.056554299707247804,0.031142759874860888
1972-08-31,0.5787370923404983,,0.033873725287871276,0.027706728200209405,0.07886485874554207,0.060915708465761206,0.018664186413984884,0.024968842751057634,0.03728304400140344,0.05093073283561891,,,0.05682546955947165,0.03122961139858126
1973-08-31,0.5855894946526065,,0.03416387890131004,0.027859943441411555,0.06961092911618845,0.061886504617438366,0.01849652778063571,0.025105578127638757,0.03713609801596913,0.05099975269917587,,,0.057630262939975675,0.03152102970765001
1974-08-31,0.5233390051186354,,0.01959473836516437,0.016123760410738264,0.06258360342131385,0.12233586300681114,0.01793171513089212,0.017841182596492533,0.04049421965549369,0.04783954907857417,,,0.10756684019748605,0.024349523018398482
1975-08-31,0.5304222792213031,,0.022791048373584515,0.019040908040540906,0.08509817278131111,0.08710479368996668,0.02486586404859083,0.02109062682898625,0.046097769848310634,0.05462047310987537,,,0.08104172130089496,0.02782634275663567
1976-08-31,0.5314048421264597,,0.022943742130217642,0.018978178050909483,0.08419508239918852,0.08717242665654053,0.024994095996601517,0.021040811901440637,0.045994166896724906,0.05461942710399058,,,0.08089493002531993,0.02776229671260648
1977-08-31,0.5352720691423879,,0.023048535542427535,0.01892796631608796,0.08177152947238596,0.087149467287079,0.024855951661466563,0.021003183771773022,0.0459713194253435,0.0534794643670299,,,0.08078900199534352,0.02773151101867513
1978-08-31,0.5375077048335476,,0.023150698011829497,0.01888092260604695,0.08051409121285936,0.08707146772738157,0.02478139367241628,0.020962075958765487,0.04581321632309166,0.05299367408507226,,,0.08066664307467485,0.02765811249431455
1979-08-31,0.5409212798493637,,0.023370124729406968,0.018926315011754746,0.07612681785768023,0.08729212264815817,0.02475442922359471,0.02097260055223237,0.046055032874129646,0.0529520121713438,,,0.08090605307937399,0.02772321200296175
1980-08-31,0.5129734692108628,,0.024082817500176403,0.01112719536459933,0.04857340434793383,0.13947410588530942,0.017802767735535876,0.021447655716159596,0.031173384261271708,0.026421881097295766,0.020938293170598754,0.010879537349000282,0.10801561977761029,0.027089868583645923
1981-08-31,0.5100583336455824,,0.023148430895962472,0.012559523996615885,0.04560961404211592,0.1393097510921268,0.017066821140104833,0.020553868431049765,0.029734332392944526,0.02534783354766806,0.025696829440104152,0.017585336943735902,0.10745975869431558,0.02586956573767392
1982-08-31,0.5470197182618538,,0.023039165684883036,0.016241318695786006,0.044298808407687094,0.11366648455806637,0.016892181120084473,0.020393730107500098,0.029474327025746705,0.024909861082863204,0.026214877616756744,0.028458531800150875,0.08379037084979922,0.02560062478882235
1983-08-31,0.545601929718674,,0.02328469588008376,0.01644296165237077,0.0431228466636378,0.11402098529302662,0.016986910064385616,0.02064982350781433,0.029894474500579162,0.025146353541171507,0.02881620238497125,0.029391629228970675,0.0808171201971549,0.02582406736715975
1984-08-31,0.5477458547659655,,0.02345877224735022,0.016362892999076534,0.043051862300849855,0.1118254932072102,0.017054469926625074,0.020719469523936634,0.029994066781726475,0.025186597738941364,0.03054823220896181,0.029449662385088827,0.07867202060085851,0.025930605313408808
1985-08-31,0.5476566549736022,,0.02343293258306477,0.01625170214306436,0.04231644047907788,0.11086397172797215,0.016983157606707194,0.020654270808190957,0.029890730393834837,0.025070522628285217,0.032082887344251826,0.03143241905259581,0.07754258842859488,0.025821721830757968
1986-08-31,0.5475818569247332,,0.02359268598083766,0.016410545760875448,0.04242298199034919,0.10993344125537616,0.01707483732926784,0.02058394648880133,0.030194845233811215,0.025129697092373313,0.03327577077236423,0.03230460220575532,0.07548324339349918,0.026011545571956004
1987-08-31,0.5508072096805406,,0.023704044895217154,0.016278843196365383,0.04202017404763121,0.10832296753860189,0.017030413940063844,0.020455362923018108,0.030289427830358154,0.025080942124663757,0.03239039072150079,0.03231271234435564,0.0753801105517133,0.025927400205970074
1988-08-31,0.5414417919470462,,0.021957923622365042,0.018776287093656842,0.0862937387616619,0.07258839228579282,0.033152053670033564,0.015539135012261998,0.03789050093474569,0.022595725775084275,0.02848283305552721,0.023606026952257303,0.062150157983624846,0.03552543290594224
1989-08-31,0.5430201789327446,,0.021991549137088808,0.01874781821600002,0.0859873758217235,0.07128544556608939,0.03322641733549235,0.015495955208451203,0.03783309049957643,0.02252250296348843,0.029125810802333268,0.024293164567813906,0.06106797039545559,0.03540272055374252
1990-08-31,0.5464167399348887,,0.022116697680259385,0.018858951669729774,0.08584823698979463,0.06879364008315188,0.03333745138833217,0.01558619898583428,0.038137887164826544,0.022492123543125544,0.028473903149337405,0.024361530729418934,0.060129460227511616,0.03544717845378906
1991-08-31,0.5488338163003273,,0.022178645336989256,0.01890287537845793,0.08584772315142909,0.06736589442976854,0.03321480186731848,0.015440605495102143,0.03835104658390839,0.022407410789560347,0.028235515510691127,0.02389345830900096,0.05997740404375467,0.035350802803691864
1992-08-31,0.5487792828076045,,0.02236154915078676,0.01899040208298029,0.08600724651484826,0.06677163680499304,0.03327212782877473,0.015507409684805585,0.03861615235921929,0.02247074828596498,0.028068393394266717,0.02393007075573246,0.05978255469068503,0.03544242563933825
1993-08-31,0.5480950143711882,,0.022464923327076402,0.01901324388706486,0.08578528731148427,0.06634716535607627,0.03325319987478937,0.01553886177960411,0.03875633599045475,0.022504475553471816,0.02868076537844689,0.02445839894325252,0.05956255607053293,0.03553977215655762
1994-08-31,0.5439634992630225,,0.02287182580058883,0.019319489038517462,0.08651189592134793,0.06633064109824029,0.03361840561065424,0.01576803187865706,0.03934753036887144,0.022823839296894542,0.029296969129808885,0.024773014909893303,0.05927188257227725,0.03610297511122656
1995-08-31,0.5424633762582589,,0.02307960436626145,0.019435268421913076,0.08675337924599515,0.06572675507454527,0.03374721816169646,0.015846754697699007,0.03961981409953418,0.022992028072428755,0.02977750071218985,0.02528038393691157,0.05896236081378421,0.03631555613878216
1996-08-31,0.5404559477666393,,0.02323515394332848,0.019506025453846998,0.08683602741336842,0.06537870395475459,0.03381534969501257,0.015881205873420262,0.03973018894381768,0.023161203736694065,0.030409034679693567,0.025781905187517714,0.05933687731428226,0.03647237603762426
1997-08-31,0.54055100795519,,0.023268689411595253,0.01946274860573509,0.08680012060363364,0.06541817434559455,0.03388662165025855,0.015814499874087753,0.039615560913577874,0.02321116101805308,0.030405456911784718,0.025725833624894452,0.05952031053012969,0.03631981455546536
1998-08-31,0.3766458089004123,0.15717297575199177,0.024112670029238097,0.019305647600609894,0.038144025463974926,0.08933944459240843,0.03390864011737269,0.01566835475774879,0.039217231650409946,0.0256046891885299,0.04151451311502581,0.03456720247965624,0.07922030083584025,0.025578495516780948
1999-08-31,0.4288368345271295,0.09603346395753888,0.024938715645516953,0.019859675217083917,0.039061709980667735,0.0926990963113338,0.034030308005588254,0.01586829775764419,0.03956079261675099,0.02626370684780736,0.04220999718653568,0.03417930416237266,0.08022162874725496,0.026236469036775116
2000-08-31,0.4132657939060359,0.0967554074815671,0.02596317182184172,0.020615796133193056,0.040274689795004294,0.09633746719746199,0.03537377595447707,0.016402474683700985,0.04091517611870328,0.027332449707271073,0.04188230900790081,0.032952163197857695,0.08476255775333863,0.027166767241646357
2001-08-31,0.5138664758124338,0.08940786497631532,0.026398900622901452,0.022295287088794226,0.04240847109887687,0.08042457271106071,0.017903382484746655,0.01702432849961677,0.042465612752096815,0.025930563056921405,0.023268207129497852,0.01965026529806467,0.052167192863155146,0.02678887560551801
2002-08-31,0.49834560417731005,0.08524324326099894,0.024451334653135582,0.02189267820697243,0.039940458697040236,0.0805284660053587,0.01691226026431557,0.01995207338975957,0.04371006064633825,0.020188288273041696,0.018409911605255066,0.03076047536942896,0.07442824663390513,0.025236898817139964
2003-08-31,0.48670287449155136,0.08468639058684352,0.026588015093448467,0.01877692283781731,0.04192041788241549,0.08552958361074019,0.017867136794793476,0.020016485010511426,0.04166486569521991,0.02570238667979442,0.016022059527270267,0.037371861169646595,0.0788445198194664,0.018306480800480973
2004-08-31,0.4986926558480441,0.07723771844601335,0.02647791466331129,0.018646420713227266,0.04134745565763713,0.08477098304489278,0.017725740682725488,0.01987821063800229,0.04120468321107936,0.02560440269632552,0.016139697294768603,0.03606309333054394,0.0779634843759843,0.01824753939744465
2005-08-31,0.5042940755775462,0.07486008051606784,0.026385819794352786,0.018586928452838904,0.040916825097110074,0.08449883517294057,0.01762960949442647,0.019757482191984515,0.04091151003141273,0.025514895472135108,0.016212016258401855,0.03461265375274982,0.07762825619287633,0.018191011995156738
2006-08-31,0.5091489448303661,0.07163676956437515,0.026322168577707097,0.018630035207808728,0.0402048497540918,0.08462513773185948,0.01748747266630622,0.019777789950446833,0.04058295563469179,0.025437572957159774,0.01633521349440542,0.034020998047799546,0.07764513010204172,0.018144961480940455
2007-08-31,0.5070727509967298,0.07335088637951406,0.02638129206329951,0.018631772361909573,0.04008737894243841,0.08462296254197912,0.01750576221607666,0.019765573377392227,0.04056895387534208,0.025510041955437063,0.016596607400070552,0.03417392227945442,0.07751470320009696,0.018217392410259707
2008-08-31,0.5092934445667097,0.0713650313398454,0.02646774988216981,0.018644458488834174,0.03978603598356491,0.08466114670053633,0.0175100628868157,0.019748407843657934,0.040226723991669405,0.025478677348238245,0.016626352715361628,0.034578009550500166,0.07741489652306689,0.018199002179029908
2009-08-31,0.4675737641683053,0.08600899643618137,0.04161563106321252,0.01974697985047345,0.03113973411317885,0.09247526116942023,0.03615188922623315,0.014921488383993823,0.03595127233872969,0.03959287948082159,0.015785709413853488,0.017437455213403334,0.08405388987618284,0.017545049266010443
2010-08-31,0.46765575079342947,0.0879486996400804,0.04166472601269527,0.019624914393107186,0.030863136445153323,0.09233896601018833,0.036046707459263666,0.014805230148007364,0.0356364772534502,0.03943865233280446,0.015589752757666872,0.017289014980466977,0.0837374875219755,0.017360484251711068
2011-08-31,0.46915404616946454,0.08738777481614413,0.041776053010039706,0.019525443831094835,0.03060223344325165,0.09246212571471424,0.036082012983743104,0.014679192484501013,0.035184929639595304,0.03950269403973942,0.01553255466320246,0.01720580183805231,0.08364341282990828,0.017261724536548846
2012-08-31,0.46730739256659615,0.08853140509949466,0.04231221881617904,0.019491169290151922,0.03001040159393649,0.09316248949235482,0.03637267531567806,0.014606911648157424,0.03480232693159918,0.03988377190074997,0.01542049125793857,0.01692124624681908,0.08399490149612655,0.01718259834421809
2013-08-31,0.4533833963301453,0.07297780961570624,0.026519362926300874,0.020058101117747407,0.03713449466777597,0.13458234970760855,0.0170998636760568,0.017902089835044037,0.04266025652678895,0.024998333285289914,0.013212851488471896,0.010987519185006333,0.100651772990714,0.02783179864734394
2014-08-31,0.4529503540206904,0.07445921644289158,0.026486849128627168,0.02012067891427873,0.03680082570755456,0.13415857207993276,0.017058022329379845,0.01794357853315752,0.042785009141836555,0.02493468161082151,0.013273730342128037,0.011032436568318666,0.10019615715607985,0.02779988802430308
2015-08-31,0.45184428353402345,0.07424812736703261,0.026451249602552837,0.020672843231289196,0.03662063579312724,0.13367053997965084,0.01702806005204084,0.018520734449683024,0.04409380107933078,0.02488573750332433,0.013390786914338761,0.0111036175268438,0.0996646682678722,0.027804914698890147
2016-08-31,0.45003329220637656,0.07566635325846904,0.026585542423309464,0.02097757030961431,0.03654119028045153,0.13346380675225802,0.017080207721570356,0.01861067007604339,0.04424131511031737,0.024990137175323158,0.013472378966360493,0.011156345728713225,0.099333093139915,0.027848096851278127
2017-08-31,0.4482922727381102,0.07639260377601365,0.026710250829917865,0.02095735760616432,0.036576743517232266,0.1338086965987107,0.017158286040602364,0.018552512980955508,0.04415786910107613,0.025103792350531017,0.01369896697504307,0.011296604152119857,0.09926549343259193,0.028028549900931267
